00110100000000000000000000000010
10001100000000010000000000000000
10001100000000100000000000000001
00000000001000100001100000100000
00000000011000100010000000100010
10101100000000110000000000000000
10101100000001000000000000000001
00000000001000100010100000100101
00000000001000100011000000100100
00000000000000010011100000101010
00000000000000010100000010000000
00000000000000010100100010000010
00110000001010100000000000011111
00110100001010110000000000011111
00001100000000000000000000010010
00010000001000010000000000000001
11111111111111111111111111111111
00001000000000000000000000000000
00100000001011000000000000000001
00000011111000000000000000001000